$ANSIBLE_VAULT;1.1;AES256
62356338366230346366333037383163356330346661613236663332396366663364303563623839
3634613631663334356230316238653231376437343932660a646233393562636332363939353539
63333063353530616431353138343563373832333234353538646331323232313731346437346661
6138636666343965610a646163343836316334333138303030363562666664333462323231623164
62663865396137633239306264363430656165316435643839306163316633646630356666646635
66653939613233376365303539303835303265623832386139333234393433303033636430336437
35633734353263666435396535666439326534636161653134643363356339353031373461373835
30613339356366363938633933636537306439643063363233343537353238333432643936656366
37316532326462663762643430386264363837643732613464303562343862646431393431333032
61373161383761326363616634613464346636613538363161373237396532633634623337653035
63363565653532376665613936636361633330356231316530323236383334353365333837363162
32363038636430373235616462656461613063653139353865623133313131393737666661396132
65346534653734346666333162653631656239316135656334633930366134366666366332653333
30333437663366643837313361303436646266353535653138663735386565383636353237326532
30346530303364326333303565386365303831653639646137643230303038386138656432656165
31623061626638356139363639643861363262386238313236373565343965633962366661623132
34633461653366343836333962383938316237356462336538636163336665393064393861353665
31303235326366613833626666633764653466303332626563373338316137626565613632336366
30643639383662303731333363383562366161623232366139306162323433353265376661626130
62393834643133333037616363373539333462653765656336326463306236396533663233303465
34646431663038333366636339363736656332636631613464656466343132383535356332366434
65366435393865653438313930643261353666346365366665333166613938313133386261326432
34346665346366373938373162343032656332323538316665373565326535333666623735383963
37343435313935346262663362366263326136313661303365656361346161383932343432333031
38323239663235616137316361313866366636376634623466616338343432656464666533623066
37646265326465626434313663326164383930383538393264373161316537386231346465666531
66393331656566616663346535653831393961383134386437656437646633323364333864363762
36386330646237613336393662656261636430643064616636353635323639643231633766333839
36313036643531623763343363643961616564303531633963633934366462613138346465366536
35626662363637396562613761643963656461663137653862656539323030303132636666613932
34343139363036656237393436323262343861316562336233396634663930333336653932323564
39386330353664623138616264303061643665343531353631666138373065303638353236313366
38363838636438383465636264313935643830333836613936393738613031636336666261353938
30353564643530623361333839363930613930363638366331393435383033633664343666373164
39623766663938363737346464306533306365663461393038383939303031623338373835376466
30373334623132323166343234386238326263306437653531643034313164666364376434383331
39393835613735303432396465373234616333636438633632303237643434313730363230343331
35646633343765613434303634366164313338336336343934333666353239363831656463396336
31383264656534333736666135613234633830326465643436303833383161323234663938666261
38336162646464393935643234313031656566303463616234613130396664616264346464653233
30393433376335666661336261626565656461386138623438393661346435373264303937366236
33383832363534396563333437303165313633356665323438373064333637376530346133353766
34333661646264326439633234616633383438656639333362653638663362366464333766396362
65386533613931336233363735613032323432333333663639363238386531333934313961346363
63656365346338636338313237303839323230323332663632373332343138333163306266366533
36313232316235643063313335343938643130376634313630383433366462623235626536346566
39663438353264623363613363373034323739613864643139356363363536323866366330623965
34633635653935353830613133383539663337373266306466363732663233653035636335383333
39396464613835346263326165366235353234353136326266363037376166343439393961663134
33353364333839626663353839623136316265613531323531623966653566396230313132353037
61353066353134643063356136613164383332356466353363646339616265323539353332376130
63643061333937363134643737663237373537303934393966396636386531656533636537396162
39353165626432313161393636613433633662326661376366386337623531393831393132643539
32366435386632353634383931656362666230353630623363643862313062323233353331356530
38346530376133316339306332326230646134643034326565643861353234616261373537613236
38396564633162653763643663306234633963333836373034303530613563663236656634633764
39326261366533653362613236343963626439616661666337326132663131376630313362363534
35376134663161303064383339336565346463666165653738316134643233613466663638383765
36353832613535353330323462333634376533656234626465376336343962613365303739333735
31386461643533643434363065353139623136323933366337343162356330663337383136353437
32643535363932613863316237633931613330313934323066383461323331313737366161376366
35376230313738393737383033336666363635613732643234363434333264666264383161336537
39363265623564316635373432333833356362616336653361373662623030373161633637373035
30313034356261316330373266613836656363666462323562303138386662383337393363616465
34613430303336633435353061643832626161373662386662643732333932333562646233623963
31343435623535333162343766366436333531323639313666303835316132343365613035393366
63656434663431636632363437633165316266666137656633316435353336636537653561643966
33373163323139343034356562343939636432303537353231303265633462643930353031313537
33366330393062633765396161326330356133623164343137373138353337656235313039346431
30353934633431626265643430396633633166376235373861663664346238633132383365656138
37396364333965656332353632393336623132626366393063653365343431643263343132323534
33343164646535363761373733623734623061303736393764646437323264643934373564306433
38646336613937383036393265363337353062653936316635623561643466653739666530613539
65393734656135313538366361666232626336663530623932316430646438343431646136316166
35336331396638376535613762303765393530626463353861383862326634353765353435626532
62353539323962383065366665303263636538393762343563383937636661353864306430353137
62366263613034303064343239653565653537663861666265353163633865663261376166633232
37393836653930363433653135623836356233363838623330633436326333653064306532623331
39396435353230333139646363313839663731663466313466663339346464313661383862393234
62643630316337333133323138643331323465643034353665356339373463323238306230306664
63393634373661303336356163616662353434323365363365393739613530303265356662633134
38613064626364346532616365326631343163303464333632613664623236333035633364316364
36363366373630386237623535356631376133363033643736633031633036643937383530343465
35316631323166306139376537636434343932323935653064386232353731316164326466663033
34313932383737616435613333383538303933313163336566633836613531323463313465313066
36316331636466613763333035376566313762336661343165633764393331653135666335376236
38356130643866633063333532363035343562366262663665653966646237303866646436626437
39333432646434393535323562383136306532383263643731633565393765303034656534316130
38646634653665363064623862353365346266396265313734613031666164383035336436373136
31316431646565346564386361616234323862316335613538326531636566396133376331313233
37663835363664623134633633323538653964626330653338353161396666336336323065666262
33646161363135326231633934373837653334393531373663306339363161316534336638303834
61346333663137363239376535656662316638366261666337666437666236616637343861663031
64323835316537623238373862333565646363373136303934306534303633386236336265336361
64643366656263353563633630656135313162306632356461303132346530393363653136646638
65386461626235313462393964393664343136303733373839353731326630303732303063613063
65366166323234633738336234356437356563623366376466303338323437333430316233383231
35353365303933633739366437643366346237346465346631613763363262656434643436643161
33373030643364303233306335306633626561396165616536613633373530626237666166363737
65356339636434633638613765643139666633663637383365303263616266666162333562373633
63656135396433623631613066303263363561626436373564623866376465356139613461623135
62303133303835313265313839393432343732313237363031636265356166326361303037386462
36343864376663333732356163666335353664666161376330356338356565643337633238633636
32633136666331363736323339613635356663323761623030653431326532623934616464643032
30343964353338626139323637313730626262343661663938386633643064346235316561326336
38363532636462643237353235323838343064363765323664626661663464303332316436653435
32396664626234343638623161626334303864653162353337663133303237636132386235363865
62623739333332646534633732313337646130663966376630646361316662623663316436353638
66313366663532303930346165656337343635333933393266643237363632616634666437386638
33643962323466363365616330663135303339386266303135343735326563323437303164663061
65333462313235623734303137613536346138616661376463343831313261396635633163633330
33393562353838386464646537323931363634393032313166383739326139383239383866336336
63313432623866333663323233653538303439666237383161383236306364616232346339323037
38373161353266653164663034663734633030373935393239663936646431653239316238616530
31646235393238333239306439383135313636666636333638613330303066396635373731613631
35353762333963396666613761643535346264313865356231326633646633656433616265383831
61613430323833393165633935363036356338353861376635336136373732333235383665396339
65656234343835643464383130353239353864346362316330343963376562396362653039333534
34343362633833376434376263626666306536653264333363326236613630633830353135346463
33376366616539663833663231313439326362633338653736643861613239333738346162393562
30346230633939386438633338383863343265663035323261653138663466386135623337353134
66623931343837396664623436616265373564303239643935643831336630373936656337343438
36653736386134386133313661366537343633653236643238616232663262366262343466373932
66333865613963626561653737353132333365633336333731646134353665363334653134323430
34373039656363623032613230386266333265616665633764366438363665366266663963653738
30643134313331653866666432646432303734323266383030303161306634666661623830653266
61336239646661323664386536396664643934363530333662653739396532653032346566343037
39316332633266326535656663616366346663356430363763343830396266336132343462383734
33633534656363613665343139656338373635646261633266303733393233333239663734383064
34646338666135646663343739373531343965306133303538633961316438613466366433616539
65613265373562656131663562383632326639383030383734386535623331393134613335353466
34396139353261316261313330353733323761666332306436303138393037333362343966373233
63373738663430613264643862323265326335663932373061653133666364613432376662323333
34326363326363323032343566623631303935363633303434656433623739396664363062643161
36323834653333643832356561626439613436613561613366353063323238353430323532653166
33376637613330363639613434636138393135626234363033386534323637613135303735373637
32326538323936373866306266333330343533306137613031333736333661656663313936373438
38666334613834633736313033376438656539633935363738313162376661383964643765663336
33326536363930323539306631303462626364623462623565363538353165616665376435363462
32386362363032303835633335303964653534653930666131333233333230666666313764646137
63396633666563616534653462646461313965323834323964613166633331383265373734366161
64616361333732623839616534643665323137646531396336373531646638346633623338656532
33643035646238376532666162326166623161643239306166663735316636343838396537663230
66316131323764323761653135333136306137633361353462383939373761623830313331643339
36366562663030346665326463633438623932313864353534613461626534643137316136366261
31623066306363333966633561636535356630633063636238366538626639633762623064373033
39663164656636306234376266613464386130633766306263303832303439646433663339393733
31623339653737303736316337353035613032633937633365366139323432636264626331653965
39376161663262303563363362313431386232363764616531663834623137313230643330326462
64306535383865643933353535623466656639323334326564656366326266383165316336616438
39376130333535386438356538613633643766623238323435313462646135393538363661646563
61363030313831663832383631346166306263303738653936383237663935376335666536396161
61613065373437636664646462653430393166353065316465306137366337373733646165333237
35316237663563316439386563656334343961646336383661303132393631613434336630383132
62333036393238386336616238663035376338326265613165623566303865656631663461663535
61386436646362326535373930363865326333663339396239373565616431353233646364336534
63363262623735353663623531356237326130346562333739636539303439636466653261613832
62636262323761333834386438343932623836323936643661373938363562373735343735656163
64373631666338373961363639316633623862326639393632643333616432363063653734353137
64343338656662396265633932663237373830363734636631643135353237316339333461356565
61333638306462373837313438343133383235343837633235316332396461623436626637376236
31303732303063656666666233383938316461643839333761383665366238666665363236323065
64376566346635633030396164343237373332336334656136656633333838386266323862313439
37383232396162313131
